NbCustomers=10
NbSynch=2
NbNurses=4
NbServices=6
NbPref=1
Skills=
1	1	1	0	0	0
1	1	1	0	0	0
1	1	1	1	1	1
1	1	1	1	0	0
];
Demands=
1	0	0	0	1	0
0	0	0	1	0	0
0	0	1	0	0	0
0	1	0	0	0	0
0	0	0	0	0	1
0	0	1	0	0	0
0	1	0	0	0	0
1	0	0	0	0	0
0	0	1	0	0	0
1	1	0	0	0	0
];
Duration=
30	0	0	0	60	0
0	0	0	45	0	0
0	0	15	0	0	0
0	45	0	0	0	0
0	0	0	0	0	15
0	0	30	0	0	0
0	60	0	0	0	0
45	0	0	0	0	0
0	0	60	0	0	0
45	30	0	0	0	0
];
Pref=
-9.36	-9.15	-8.8	-8.85
-7.56	6.59	-0.49	-6.06
-3.92	-0.57	3.9	-4.19
8.87	5.66	5.67	-6.63
10.3	-3.47	8.61	-8.56
7.78	10.42	5.04	5.39
5.56	3.59	2.12	9.63
9.56	6.61	-6.73	3.26
-2.3	-8.92	8.41	8.09
-6.36	0.03	-8.51	1.78
];
d_ini_to_nurses=
7.51	6.54	15.04	13.02
9.03	8.56	2.7	9.9
13.92	12.84	10.55	1.79
9.39	8.4	16.49	13.04
13.36	12.1	14.83	5.57
6.87	6.26	15.82	15.38
2.57	3.78	10.03	16.8
9.67	8.63	16.4	12.52
3.72	3.54	13.54	15.73
10.02	8.84	15.35	10.39
];
d_fi_to_nurses=
7.51	6.54	15.04	13.02
9.03	8.56	2.7	9.9
13.92	12.84	10.55	1.79
9.39	8.4	16.49	13.04
13.36	12.1	14.83	5.57
6.87	6.26	15.82	15.38
2.57	3.78	10.03	16.8
9.67	8.63	16.4	12.52
3.72	3.54	13.54	15.73
10.02	8.84	15.35	10.39
];
d_customers=
0.0	12.81	12.97	1.89	8.89	2.56	10.01	2.25	4.95	3.57
12.81	0.0	8.22	14.14	12.13	13.88	9.58	13.99	12.0	12.81
12.97	8.22	0.0	13.24	6.59	15.17	15.66	12.77	15.14	10.73
1.89	14.14	13.24	0.0	8.32	3.85	11.9	0.63	6.75	2.76
8.89	12.13	6.59	8.32	0.0	11.45	15.76	7.72	12.86	5.57
2.56	13.88	15.17	3.85	11.45	0.0	9.09	4.42	3.42	6.11
10.01	9.58	15.66	11.9	15.76	9.09	0.0	12.21	5.71	12.59
2.25	13.99	12.77	0.63	7.72	4.42	12.21	0.0	7.2	2.17
4.95	12.0	15.14	6.75	12.86	3.42	5.71	7.2	0.0	8.27
3.57	12.81	10.73	2.76	5.57	6.11	12.59	2.17	8.27	0.0
];
gap_min_max=
0	0
0	0
0	0
0	0
0	0
0	0
0	0
0	0
0	0
0	0
];
TW_nurses=
0	480
240	720
30	450
270	690
];
TW_customers=
181	301
436	556
272	392
350	470
272	392
447	567
567	687
357	477
256	376
51	171
];
cxy_nurses=
-4.09	-2.59
-3.21	-1.68
4.38	-8.19
9.77	2.86
];
cxy_customer=
-3.1	4.86
4.46	-5.49
9.32	1.13
-2.7	6.7
5.62	6.59
-5.56	4.12
-5.11	-4.95
-2.09	6.87
-5.82	0.71
0.05	6.54
];
PercentageNursesPerSkill=
1.0	1.0	1.0	0.5	0.25	0.25	];
PercentagePatientsPerSkill=
0.3	0.3	0.3	0.1	0.1	0.1	];
